00100000
00001010
00000000
00000100
00100000
00000001
00000000
00000001
00100000
00000010
00000000
00000001
00100000
00001011
00000111
11010000
00100000
00001111
00000000
00000100
00100000
01000011
00000000
00000000
00000000
01000001
00010000
00100000
00100000
01100001
00000000
00000000
00000001
01001111
00000000
00011000
00000000
00000000
01100000
00010010
00000001
01101100
01101000
00100000
10101101
10100010
00000000
00000000
00100001
01001010
11111111
11111111
00010101
01000000
11111111
11111000
00010001
01101011
11111111
11111111