00001011
00001111
00001010
01001111
00000000
01101100
00000010
10100010
00001010
01001111
00000000
01101100
00000010
10100010
00001010
01001111
00000000
01101100
00000010
10100010
00001010
01001111
00000000
01101100
00000010
10100010
00001010
01001111
00000000
01101100
00000010
10100010
00001010
01001111
00000000
01101100
00000010
10100010
00001010
01001111
00000000
01101100
00000010
10100010
00001010
01001111
00000000
01101100
00000010
10100010
01101010
00001010
01101010
00001010
01101010
00001010
01101010
00001010
01101010
00001010
01101010
00001010
01101010
00001010
01101010
00001010
00001011
00000010
11100000
00000000
00000011
00000100
00000101
00000000
00100011
00100100
00100101
00000010
11000001
00100001
00100111
11100011
00000000
11100000
10000111
00000000
11100000
10100111
00100001
00100110
10100010
00000000
00001011
00001111
00001010
01001111
00000000
01101100
00000011
10100010
00001010
01001111
00000000
01101100
00000100
10100010
00001010
01001111
00000000
01101100
00000101
10100010
11100000
01101010
00001010
01101010
00001010
01101010
00001010
00000000
