00000111
00000000
00000000
00000000
01100000
01101000
00000000
00000000
00000000
00000000
01100000
01101000
00000000
00000000
00000000
00000000
01100000
01101000
00000000
00000000
00000000
00000000
01100000
01101000
00000000
00000000
00000000
00000000
01100000
01101000
00000000
00000000
00000000
00000000
01100000
01101000
00000000
00000000
00000000
00000000
01100000
01101000
00000000
00000000
00000000
00000000
01100000
01101000
00000000
00000000
00000000
00000000
00000000
00000000
00000000
00000000
00000000
00000000
00000000
00000000
00000000
00000000
00000000
00000000
00000000
00000000
00001000
00000000
01010000
00000000
00000000
00000000
00000000
00000000
00000000
00000000
00000000
00110000
00110000
00000000
00000000
01000000
00000000
00011000
01000000
00000000
00100000
00101000
00000000
11111111
00000000
00101000
00001011
00000000
00000000
00000000
01100000
01101000
00010000
00000000
00000000
00000000
01100000
01101000
00010000
00000000
00000000
00000000
01100000
01101000
00010000
00000000
00000000
00000000
00000000
00000000
00000000
00000000
00000000
00000000
