11010000
00000100
00000000
00011000
00010010
00100000
00100010
00000000
00000001
00011000
00010010
00100000
01001110
00000000
00000010
00011000
00010010
00100000
00101011
00000000
00000011
00011000
00010010
00100000
01000011
00000000
00000100
00011000
00010010
00100000
01011011
00000000
00000101
00011000
00010010
00100000
00111000
00000000
00000110
00011000
00010010
00100000
00011001
00000000
00000111
00011000
00010010
00100000
01000101
00000000
00000000
00100010
00000100
01001110
00001000
00101011
00001100
01000011
00010000
01011011
00010100
00111000
00011000
00011001
00011100
01000101
00100000
00001000
00100000
01001010
00011001
01011011
00111001
01110001
00000000
00000000
00000000
10000000
00100000
00000100
00000000
00101010
00000001
00100000
00101010
00000001
00100000
00100000
00000100
11110110
00011010
00010010
10111000
00000100
00000000
00011000
00010010
00100000
00100000
00000000
00000001
00011000
00010010
00100000
00100000
00000000
00000010
00011000
00010010
00100000
00100000
00000000
00001000
00000000
00011001
00000100
01011011
00001000
00111001
00000000
