00100000
00100000
00100000
00000001
00000000
00000001
00100000
10101101
00100000
00000001
00000000
00000001
00100000
10101101
00100000
00000001
00000000
00000001
00100000
10101101
00100000
00000001
00000000
00000001
00100000
10101101
00100000
00000001
00000000
00000001
00100000
10101101
00100000
00000001
00000000
00000001
00100000
10101101
00100000
00000001
00000000
00000001
00100000
10101101
00100000
00000001
00000000
00000001
00100000
10101101
10001101
01010100
10001101
01010100
10001101
01010100
10001101
01010100
10001101
01010100
10001101
01010100
10001101
01010100
10001101
01010100
00000000
00100000
00000011
00001100
01010100
01010100
01010100
00001000
10001100
10001100
10001100
00000000
00000000
00100000
10001100
00000000
00010001
00000000
00000000
00010001
00000000
00000000
00100000
00010100
00000000
00000000
00100000
00100000
00100000
00000001
00000000
00000001
00000000
10101101
00100000
00000001
00000000
00000001
00000000
10101101
00100000
00000001
00000000
00000001
00000000
10101101
00000011
10001101
01010100
10001101
01010100
10001101
01010100
01011000
